37185218730824637340
79657678938138964578
34045485975157062154
91729132162571570087
32205143265113516806
34876706022614319449
66537779684231601739
79985821101351768868
53329189977968536638
39208146754355854776
53141685608480095752
59687290167167930912
19102814408301212296
31733248394252018421
95368604637400552187
71931794091737780461
58729755748328902641
78079637301977240487
40650236640570119029
58100821180549926307
25018574956952448642
96137320257787442286
93914433375202216288
88034553448292724087
06478397198504815815
28819472632106372234
32917665624866527257
27620999462799260551
30978803590938958307
07365474785312735352
59115731105884961697
16045598858665938512
44604808623831437635
23327094068664015279
67187783172479862798
26457395462356732938
95456741036753445179
77694625364116597918
29261399512042964525
71449319249875369802
45622130583148884281
04439748422626408083
26720764688378205069
61080254921540000880
14001940245654325966
36593262863219476639
54230828879275059893
84831836059350659764
35463388023099634248
63368764060353208223
74192026298473523019
02316098645856107865
92453811687596352862
68474421786566604345
04355016860524283209
10438224192171059827
21185043559127229257
94562011075435418503
14329969373845495987
68391100787726882864
64614314621711049620
03012186191081139604
08422208060918749510
42655957456679982072
22786169616276895661
00565479879368431491
44537166090183183516
53639321674304507875
44724700661516461514
80282647160134919486
40214929566078289741
88843840048907737750
99055693399977687922
94531525356208865693
03270327237861700194
04138275297863095102
90834825994119119910
11744793523550337076
41948862564433811350
00722633383351992537
44337794651441426109
78427664761554780572
72755278403920633575
50866281829456921373
41334398479667913362
12963877470800190167
82087685717369581485
96593459279798372588
66313927092566529147
08156974881410835395
49233972519920204424
14210992945064797209
31076224138575964645
62912830555906450988
80297885058611424760
36127564544365734718
88497441331952511282
39298116040199470460
23014368603266571819
99761604633050729767
07213225423848764671
04496210086040521121
56739950825024526648
27811873293979357575
88869279065185156521
08219202397937944376
29937947589661718450
61648248605359193240
50756898129580760769
81120876979164500900
94615429830581982348
41687927653491542412
93667678450623478911
66015707569715384835
79761125343349459656
48897593558471314559
70495717641720522464
25152114667540953386
05220254846360475441
26067784907482748914
94776285960659300249
70775489614475131950
73601284544729890393
54829813872580208243
56145723640113175535
54204070200563907241
67497010749761760043
45301232063424564706
45450123380670131822
34866467029777105036
58539475219469121822
55328920524046666004
58098189846074355432
22755471865087442555
84668507611713290489
34771706769452575501
20237359686583969038
90611486116405896894
90249917779469505557
20489884128188012731
74133594408219992343
79790372819071722180
76288014261177368388
48329697088214694745
10354565658142851800
07150512475407592381
63555405502445927102
27229033190731530684
50217023578474991639
82765150630526500193
09581010997028646033
02730622667532031382
79890229471822676874
43152025769082347757
70286547490683717944
41666630886018003792
33865665656464325315
64788340845333471381
97902591082961803600
61152422765552864124
06210481147342006681
58487193024930571627
35543312207720796829
59335689963066863952
55517154502963626663
51423904975416276928
24536389138469813993
97482526519744391829
04555034151221150476
40539787584483592353
90690217183115884472
71605771962098188462
61680873611009115316
08895656174104550112
32568127543950731349
72296083808826476532
56532888435075905168
39506484472837568058
24732766108151030162
81272272237155743472
10433078844835717061
69308009996955541458
69629779932739033334
35946028557390501607
29455636606898771451
86125145584854078505
76169585175374349914
29811723242896995499
12610181228473210597
29177138994314832588
37543161834539890133
26866718137812802568
19772444312614202323
48334401625080370561
80809943505202422722
86642010779303762954
31243032533092535530
75665046195383067529
07217841547658813781
76894687083531267201
89474323084800118932
30531806934311474297
78996158437722734818
02391311228825679332
86351597766606888552
68490560166217531340
02746826746043300644
82689350487948008097
55031402857379837480
54359361057953151352
72366372582259812242
76049057981309950038
31413705811775761534
35505353021308678659
18942071584871489999
93694346451137357195
40557615146730921685
23952791450903132467
88602462328232232038
97136595002365891827
90783465258392235830
11697782195864207752
50982044560263562881
87355741555078650823
67261345720075852562
70001879862867506827
66575973364386804042
24279392080534147267
20949647113406352551
52431989322163763689
15312347787178859434
77354945703844682309
25862604295474594284
10833661691961002401
69885738259288928238
27159729221856542674
84868644281643537850
03612869927961491308
28821619869657887451
23332910519985660141
46790744698662074829
85111014880561404272
90717321633333577340
39647411897863479868
91828405423103699387
30076199047282383232
13733377679036596764
59053917665490772238
38783934270150948495
17659492161322084231
24714889971865503976
63119237673273214163
89276011458490561915
49910223271929506913
85462514367970810250
89415726976394866468
49584647953777524434
28117473031524971525
55813122725897595899
56387187950157989561
31936831879192766007
97554161458738879316
28386288855625464254
93160003263942004224
97215713903330071553
68889763023451786178
43262125954586181147
24615776581569188163
22150064344174067276
08037593667874536073
38570628855559415922
10489461802213426572
22687198751854703445
45683784532000574145
85509691349954981874
03555074406877756110
37758487990900371293
73295036602976467159
51421515313951672209
40315759942543236203
92700166814944434718
34316252842025096376
23106968622076523269
63009427103195917480
97997945769955457360
39129050325862276521
54513954252693517068
61392781032755219424
17278783707047248546
42213411619440957299
86140918262715328209
65302226857001941779
53928453808625179034
02618024834113340161
57507277589231164265
33515454296871865449
10240475184571647430
24263093481442612350
59932437250533396011
26303536272288405524
89123881348953981712
32091461957892614921
44095240211015051567
00883338966162043617
18866617759885350143
98091247655614494118
05264740432769589362
70310119449486491042
39299682331276605190
54430838005250795484
19845163355952472520
89249176774052343497
25086791863666775654
05251920443637119926
95735543074236662589
64977648552302382420
40833719087541933863
53487525150547836412
03919041969476487930
73106727758616728289
06029833990190842728
88127072634737370570
74019680864158177631
88037052515199930653
26239690270889599119
50257430262360455026
49557591603142646270
57888578420740888283
02921204446981485445
62168550043635095192
29650075011970924074
03721190532463958119
87432164623545231726
58692048077882029561
97003225871087137253
11025540592628101786
86428630969234506134
60511423694032987421
23373084023577664626
34155419163875952750
47235434475968679213
28249799929739697308
15844328238250219541
87820254747479356851
15547170532500602013
90924421352797072548
53919581687430149756
37622270910683868847
52445202207575482949
10945020232299163207
10706203940602365117
93651626661855482870
56047255857229858068
94541578449608173459
48187654200804301976
74104319318712071528
27177106590090088296
96091908394101784691
75055712169347999175
73055083892206567232
27498972106801783230
45901452947608572948
85145354582939214606
42277565665023781261
10606770496723377821
40160839439992742900
07307841918627526521
95858145038425955634
28546818093605277387
33808213080987428631
74444407699694225946
42339459995722026021
22237557327134801122
69405283708086282823
75863925068756298270
01010907602859791691
99404407929256493331
02917164825133303037
20398493732369794142
29242773087503119656
24151270420804141494
88183531180980953967
67533167409994682909
65462091995400931448
12104473581203408410
37376328470735398854
94830135110228345404
86572052157693384454
68266589383624759201
10845292655458573656
98614626172472416141
80878399629609372568
70580645900936674687
82580152573944067046
72661433497533036807
94265842314374324508
10304449953148956833
32801671669953434450
47978860670606712935
29435894153538502053
46181275928989539431
11396902594608569607
23072676364322498224
54136029459668955460
81213225521399643085
79867464194160209793
23629305151032965339
70452708827555509360
10486814992396660534
20976392671245312956
68242301237294944486
59468648668418719622
27042529187262229163
16726901024789822072
39865514220434637111
39492429457270382332
37801427397817150554
89715177160995439514
38774422503793505278
18170758893969037276
50985527385214042076
47850881105834142042
09716571115974374157
49773150458144827212
01664735310933174032
81647270620072232905
74486082251805305285
05557458384428443735
13240477926871927705
17614397313055289371
76534588262297182490
54337951679081521808
84180757962777892898
15649582996877869115
89357967008586838717
98317826231599310713
51264258187372199548
85639098969681961939
58093181428333461309
64801677288833577088
31767173951374829024
41528259550988141645
76241695729809320851
73440874196410571229
25934012230129074967
20592035535257299082
36283356415514197592
71690320140255872616
54037147240848833153
63680467003335017273
59693736789139055980
57562062829846420584
79188726357693351984
91659948654928871798
85626878245203544107
86977450804656014418
11789601667582679328
88090966060413310368
94212863423513176365
37432944701135418809
17064160100748343145
67192732516624006353
23028026783517676870
31275344253031799280
36811425917476114988
30153890119454008357
19841232149321869254
45492150405011740517
33658962807296456797
44276499092695007311
17502155028497266024
05432414952395420786
43375535543972628283
51337297741600190169
02854663980202644950
83104257214041195835
01014331461995239113
08453238302061160672
75252057017976079719
84003658516016382966
45750133924359703258
88570871793354516303
70346807515439194575
40849365736479986603
64903782606377873380
89675311235700469707
92454369746687065564
61507595962214786384
73342084056140412924
67746290207310362673
20323849288642060508
75709271287055904279
01980732237534184821
70570265839805714161
36089594774171763507
01550557659104700553
67880577103058322719
98846929181059384691
48652407339708058190
93089862314813983184
24379843192568745194
08658587805245952251
63380829955457989287
36909377974203114634
05685877629988870801
41091615078622422074
15075221966224769589
28058144546649782076
51219823275752027187
98212032111253255965
39242992103099730216
58845020371058252158
70570595115638446250
88093314199082729393
00908552606903978660
56201316231724842493
87521563358605838726
25564765350006107940
26787627315314105639
48341662898334359794
12618494480758734454
70138836348438902002
05248209958680238207
16611753337673730433
12314623187599923348
67593607444882697402
70159587662764280019
93445649413255136017
51417320836447073610
57019765566454629939
09758151355296531926
44717500621157896288
58076242659953317184
85582960011456488215
11203574486794128779
24498303101785103691
71668950453317882853
35575387878725093358
85349595443143011232
32276345317855311756
04538196792846993582
78772448253171489342
91107678346174491373
47687750756723944580
61674257105534345252
06092173873211479813
84418806833900865726
14671292150473281696
86246102904468230138
40948537828216058730
97123174195665216159
84628459962026153085
77119421240631098559
21343197655889577731
43001406115369795117
08301162499959047273
13110917130531047165
38338556458796303112
60182267448496831945
35434010860512936341
40212483891621497593
70792481854501724555
71938571842048011511
09406950285622955449
02743488478612652950
69205270097374816784
03512167328418887337
71066567420620287393
02551153569163516980
89853910253011435391
16882678927381965867
26955397609739616567
03978658120245933618
76392573126645691709
57200649662573139964
33953028997269176663
15135746272716298998
39567834675588020769
09409491187578838157
56577066456706419674
77976102070841449499
05469280637515160796
59929251829613549480
47130561064189599465
18990271605314782918
98453906885820651669
66986375036195435142
54166299138151104362
28972025565255675452
38954201101555747296
75147287211488228776
94832963318752775455
16303943645883025274
53029055021807011278
60589093388841747175
62283960195646572538
52197596321350080894
61834836968972412299
35893007523854354851
80565760264361056218
23807150357104368893
20583249379325198602
30698094234248729817
84894867988948083092
02123339444562706163
72982627878000685673
07861841827406319825
24012847642799190803
33314190075307288653
68122478877381607842
59349397810164810276
36445951527165679828
72997419565943520993
17715350250430794164
66328136621731138906
70958678842757501602
48364380868526850632
83771389326149747231
47842914893099851662
22117398645714570416
78858565777562525008
94178866043912056792
82892274614022500559
43690903345484882289
15892406578870222204
32050079002772462649
47599794284819294476
15096117022113871438
13988140161076557130
36071007998039674566
43172061038607461772
96092220966596181615
12294833479996024192
17957622913532845087
53019662037472320733
91658433370471362851
98578709966976149531
11965254993647947833
01103364837232902021
43260098998078879299
00760793695100502729
44170697761369649215
06517591267359870366
31515305857131341734
82139301859927399343
31350844317334446767
18611347829129013458
06775326745800281196
26878894811306178735
32493175550415626900
29076802171271636063
85152436257237754687
79601604525252197602
32586133518984407973
24041782435363134833
25875856020170845658
42707046401675594015
74686930060152189270
76324554490202624935
81905964302771372864
71743208279615134719
62757105902267082045
97438807314749241338
94521807936842899754
38185727250725749250
32340107972663099655
47570800044800694384
57451307772936508599
91306017998543598808
85093765749886432201
14253612638405910074
78515089224635993167
40863604447199975657
89511797023204912133
32483971469926049096
61973847591640423354
19110929186135514497
49386843932790049899
26273973957920777334
23058785358791095036
55997967034980120739
08935799233233212445
46431294458676129062
63008218591423939973
84824183823686310068
00987229439098472460
24576287731431000171
32154456963092655947
22159279654747996222
85662751433999482943
80843065194815571110
96959846490859628577
58667589494066512741
30581969542094742862
29654074452056329273
80851972336028129287
89993308796362681265
36790045702473706077
86155261549239705140
92672460779113877131
31862515333098445034
78996152751595097921
76814245210173817657
45343203945190354148
27573481652055370709
79957226585397727680
44790337030378429941
38183554577651169396
35685088085299474692
52919540027312124065
65790356119339391917
64820898934688844289
79983243038464555012
72679075715448641422
83856683525417596895
91714671948114325379
55368643574469850848
94119463068834653453
92770731195154454822
42982995694323339854
81285255484865177996
39745370052965112359
07868652115123462494
12366327321542996377
89755333353995283724
35581073751376811888
53364238382111809963
96259462820425705967
67768382020232077658
51853054255287466847
69594019308659049066
77202999289832766765
90137113571603394377
33251282340728557717
16248243333520269451
58479226379595502690
00902577798203317494
58016089661235761410
36057496339752225981
77811008072440729420
11170438563861927983
45136138729103872875
93755573529218526597
46335816680256481592
06080157513270683746
47117146412888173665
81185063803467169762
04566295200070308782
98651538632373368347
45653236140632632821
55550569876097597990
99685051991362802783
06329125618242640468
04359991626456162237
02332924545214308054
90444137866293548012
79437701993667249972
72799439386192714848
54289272419638816482
50414366018352600689
42169522877173444203
00712166924621213460
55849339530392986164
35240818018861508475
32066562852942504256
91865714413826893931
64068212199409665191
20417284583849418025
68238301021750943857
17990268151637145065
76180972315143272524
42611546847260767516
70015543398549207747
82387979947097670792
07467786270359425507
25759633003697244806
08905354185598037600
73479477264632673225
47174327726552780689
51801734331700629902
14108658337403481054
33148937114596264213
01454603897770085594
73060474486043333645
94401132051117246290
43109941572786930102
36658725508121614421
99452725010006928806
38212137319700167991
22220621324321768028
57035809499845824755
43323623012195493523
79556444463350085194
99796234619571815223
20795427153316216689
09505844661835740726
87711719774394989995
69968151671708583674
59557516529766413224
00931918182809263443
13309615784464550219
07673690054764645692
23472026866797782613
05644326986651047094
80766993736626778491
18517339275410230785
88275270431943187797
82841635574208721873
87818087260040728079
24314286693669534562
23926941220761910734
15653470861377356653
41596427608405002226
65349048291516829696
31273837683365010806
60558086480169644285
75388281549046915672
92218000002598931446
35943824787145161034
08396271138823442330
42410167481185008635
54715794501698810943
80619877319304165399
72623238907473770570
88326347449668044339
57868465437252441656
33485489890383788529
22520305333270564710
46246435335562799184
58524414167334942692
37451501495979236401
69436675378200549027
21222682582436151989
38989627748302763390
52863731394590333805
09079064137860303851
40631526868388150588
20662013843568150962
57330287760697864102
89687191729942585100
69390532576916018789
37768294610599060612
12304914502020341749
68813595745998384300
33977298598145447902
96365905118620331174
98313668465171059169
02007955442012117743
76926719048669549152
24437637435817617182
88415784929306227555
21016689348683947307
38829702928039229414
16236053339646971086
01483324597962978349
63243838721916034906
70521744220948157013
72511358668810487715
57734590533948416642
61773233429409839981
54034912460273925196
76120267684607384485
36258053092491972529
25278693744903075581
59493899073624130173
29382607807412109464
06026997103750871924
49399064140716985236
07999347834795678007
56503404693622818371
80979830450626590535
56663051759504761572
12900670776869569692
98854343077175059941
26776386623968480819
61131663255833771998
55474157080372026743
75839629720162701875
17782267163858212933
66002866284762826116
73613415588992367871
60603504320377929044
10819057982267982222
96292983136979592596
56412287530462143019
72570885593597751052
09435595814266408347
26049908131251096257
05843553891735913429
81967549087788919716
26804396837624703945
58179864918150527586
97873060437732380150
81997165315806868776
63379611015053968090
32190050461172918864
91630219627301847238
01149027774086353138
59491742134724140682
24533562358900930509
25966797749647162869
94345257946969624392
93508190979298603506
23477362355560650630
26773285805136747277
90750770693166287358
32623434558610426091
27501091666260544536
57995211420025745978
46185306348147096841
01117467899606268092
96512100763130693209
07442637979305192618
40620083968260061330
03341183775216554870
32383802111675169192
22752053270778431531
93505935370144453492
39575451970585811880
22704472433637549318
18024059906402156027
91633842393077374980
69062766436854902450
85982679677357121361
18497611708070044463
09628678688266166797
79443816774784483901
01282053517682388387
52830649623423050736
92906441469746939926
18945400420777341158
06395505623467597734
85130381557570794185
64290054902876604527
81496496530734421569
62662927340151459919
55263604684079741904
72392139978403973110
14883489098950038460
50060717494470591071
99986531343699701122
77444531502282881167
55262736863270173684
23293708041307894429
69056165553273103218
97754140024718539557
08238667021357142979
11014483005826148984
51526057668280218224
69018297548049754966
31042946741928048564
30241875568075849458
57092522384450146681
21357289685984514371
83199000021004860389
59535872021811769997
60506375635360661270
09808691109880036031
89999485304315418980
73298753594296384738
86820637385714315057
79302116068429980268
73213609150686883157
53042407445647449915
34950426548399855669
19327252942420346825
13970954696675531720
63974853868287710435
96063733739007783847
99388862595562727462
47658371163852629153
02014216489052400086
62997369358858211523
40532386008005514897
37550759804597034324
14933608971343327426
00132513456797120529
48517399782610427095
18553290494941891085
52633942965892121694
76711601895242054630
19987812303163274115
97320354507935842397
91939855422561604220
84503009564969488089
82418358219635635141
15950197370247761862
00013178994061469563
17202179086971357788
85749948143716182097
09819516923350866274
88122794351041340643
38625857811247933248
68572334752984347086
35989396640750603741
99322339242920039112
33059180415826076584
64383973627496875063
02017211973105685609
85536823409635734142
11090161182358403190
04730859541488766386
63057796899256483918
38819836227404159830
02804452253149933411
88512904719218326701
91394763012092593829
25966437922571321366
80946108657153855494
96082220568087515913
41563764251028485381
66035422183522141485
94445309603950900753
68040530776251196953
08706117035925641782
66452443887371144872
07646602285984330015
94562139561611322999
13613453373568354183
64085880233903734175
12051753847876714908
65563896803656840404
22266508801630252140
46126708862251302545
00589923504331559214
71305232951807176311
22017260449044926809
22874985560770883965
30115322362749691669
85948493157533211214
04846167953821752196
91342864153461457963
89607932947958117365
81536810394149507892
33107334172048854966
87022744665025604576
17822334045424457656
79491972017048261266
91806357247612270382
06921926027149944269
55374952218098043316
57796134794890876425
34578329352217759958
79249234961305159024
04044801442490209080
50403340859102338194
20269229801088990322
12340970349466226124
89750961934094017133
74378405828736186536
77578987905963411118
21184232308331788616
78848444922460512823
57820170975078526803
78294610895173482381
85501855700340364020
37251252260212667275
52214234320882669238
67737948339679700910
98342562275662075887
90751920308498215287
12478173468148433625
50351273942098584232
36839509474024290982
55912915285088812362
52978300379448477055
18602014977016266081
29865625352050106302
03480678645225412906
24525569248555882883
69469998074311859925
70102644708467215372
12176676361325813076
20145702700289212049
44222365338674142627
55746978337130206953
14106250423686925521
24852841389442921473
71957676132583007368
63093016176383267838
27736007342322280588
74100149667532199891
39793042806657258454
39452352277655124165
28000478121530452680
20519709476154006937
88560488856816211358
20482434560815025264
63080515243505084103
25783913272466049465
43358863594496668475
19123935463079270919
60990483692718195770
78408043874978341733
48784644582044198808
58763772361320033836
46876487300943027752
48248969218644336552
76970513688840837997
18988939416349974731
07808328035657370062
09998319348079482130
34520027951027191307
40738900136726802293
34233159885029477191
72621755336209224485
08971102889225951623
43966687922713058968
25118444471152562705
49752415629480570292
07909133590703397413
52609129227159285083
34619592933132529804
15780725317191023905
64043281678736618868
96437595986378367453
51874058391535066329
08559310476002238804
13537893826651557037
98116717169113262974
50644824842838940983
67736133733319974716
11309784535217832698
71347460463838478538
87387630498228901739
27032242279219658050
00960741336020124761
81366009771493903800
75125086036901619226
97236771675925060132
35246418562798129078
28849908530035151161
38813423345385439893
77680742843972373690
60069882097257865605
84969295277336441475
88816960031972283380
89015042394582145285
72083158067473556831
03065859915146752749
02511704510588608510
19528705205023575203
37578816923966488116
43616929076080197744
60023485375594792019
05553338403121516538
71296818617948472773
28481767512524358358
61126057068323929681
28694023124635804375
23131879804080003027
37885994650774719695
37400883452881733303
34846009578794007570
78032233760550180966
05550072341474071525
84072540860492358250
98049466210838988074
57708969321516099744
70558758630337500896
11395969265464716576
25232905094950564559
14458614781163650574
71754094940302375965
56612618906842011278
69146814123092004630
99163437020503508624
23378204645266651541
90726743645959554392
35807194709100611524
90642203309400600099
51499915194306389053
02810575453888099981
20004461854937236165
50957150124705215991
54852930206430647564
18208751662899101892
37169451998491961870
33093931009884549675
15681995061899086886
49730780486240806810
68741597331555318076
73061786200571157400
65210092353807375561
72291281932494462918
98016781900424567426
74463047250995681791
87291942374502968583
53098062244274903140
05233111090145250461
65856962082754710765
79529336565390580706
85378485845834085465
16791096893858743725
41406620627152271155
68483190744502348887
00904180446796347622
05616587877137960738
84675122883183524064
60988055562727973465
11512672363033709838
11795575063807451171
08527682693800867409
28933918894260941251
00408661422959840299
57120357750798259218
46838529860782600592
79558965898689676365
35585924781138080805
79968189190014603215
99645812225834479387
86150344334253181109
06634385136409837912
79393751134203610718
76759833506987954471
11110375509579743991
60073518480499873181
61907428419172214311
22957936649370727572
83417348499278755207
55337466403765101973
28982666842101491435
90700077799870119818
07091039599669724409
16472086440093701239
32473303721220277928
78556051063358581380
80909684832011403481
46053716916148117659
14893802750017082630
64432916166050821835
44908746002846102849
02241204908428170196
32565488627448543933
79279010753081269260
36822144891464018745
50178412371839812606
05420815371240784526
72620725567912594293
70000837264009319831
55961554809132313209
31837196287244742996
36003957009302400687
54988318464967836459
57904128992627165691
22810514384622916734
38810426495390042545
23620939256459820226
00939166489296447884
10742237958686767235
80195674622018191869
54371616172626664379
48806211656711063651
60799937841167515275
30799641537549907090
71830107070248750177
28872709773161873910
33331858277271520599
62419946232665270299
88529954893291597900
41927193111842989813
93776044301432799564
34443377046712602385
51856962076209390909
49274361539463125196
84807507923466402122
70598917811830400325
15568557104878003125
24508552349495174495
85542491574879381429
15387653797902956141
12195216065390728669
39181239109318489080
00968048303342702183
93420956087002955765
32474077912144195630
72175883225055417386
65621891418496402627
62934076246669230437
63270066453140793317
39661547965869825108
19403492811183609040
45398432900595238909
68499110501131768597
51569846731530181055
46020934212714315517
80184307186120581355
20252780515350017357
60195705989150567924
61106650510573204923
89081656897910748870
05682194989735819853
21007888880379331170
47740154497279785648
97551582176700376992
73898886536245805347
20853799731947663127
34854393198076917001
86257274557073767344
23705223904451867724
17448271497266358291
48169888100474581944
77314070825285474598
32272189163430186149
98636604575514491800
05184023919193837823
22956784685012594127
57766005213722317433
85722486174010526647
16435433931296101624
04159717313991982156
53876868013862046454
94414448906411787111
72370482207547330534
16056632609377228493
84259140978744540462
62362745432208829665
57564830451446411638
88027993723013369845
25771702614585781106
66053967634725060207
37425162862398949291
79546909663135721178
39963759763174531616
57850348267735572073
66149414685697680814
16682659291298241465
55362392041434310778
84746700660408543399
04303329514648494677
54243337032401524253
15832681334222422293
77481081732051260434
93974128648487802827
16264710698421578107
63686965379443771069
16215769182876869918
98304561845372112799
80802026281924523978
10512072932239445204
15472555232619885909
51852768803965914166
12583738111474622018
64487717681606118170
99168962408102381253
21798161509148850755
82967321927980313420
67979823191718161753
49319443113061863973
02519565788595534627
80116947596753785531
08316657796484924324
70520722229966891655
63044311346472517682
23591676404469400302
96070643570284511198
29143578459597232835
09843848507298506092
15409134508249128088
83863050387787144403
31714299394223533701
96182048103826023105
02314692985161940463
79980507344549372721
26444120616024370112
85928443133547422220
34601254118111458425
99845128505442649758
30246927725604320836
82099474464393671420
48709570258607928710
55078904435809104163
50280885078960143816
62181626651760047305
53069308339727402745
99996856172087872682
78520902719277664349
86332530041746551777
98919420426766546570
61165468634627682730
45665311473835258151
81691782801970248434
10161422249505515433
35639376332524156584
62815954345571505415
17143835746351155514
82092260815510410927
36850321086002801542
67504680630777682215
98329218660630911962
11394494062569893713
72059299633249062039
71528602676715293752
10705980442208945338
56603345721115491140
63910961977058880360
25721610841587612602
43411104639726401397
76721900633386823095
73423336259724106025
71313922245561688297
30561652949650815373
61110641401155192269
85660611445636824145
13127115656528217340
85760349153777367720
21633739642188707060
56180681402446163182
98807889691424388737
53370409996678292706
32796793248822885505
61322982010861070616
92758578745108356860
60300898372183071244
35555461209604902091
78069540858094933735
60009037095475315265
23673287205809810264
45738904139549967790
53552903103357731268
22072859121565163266
98675143854245147114
36657980463483898605
66304137434618130944
64514694214556496561
67168216697141020355
99375461454351200602
47323643499585604648
24273077730809948781
12376968918505400886
12725241151231750859
60670868102269131013
34460336140746311808
63531259885180256952
07011778199731077996
34655932277861993958
25839778612274045067
34970415346906000903
30896368231744461335
44059887364859839014
65474247367663965258
38078901250572201993
64791460650966062207
35301751733921679922
35548815403670922902
56727400166835737820
18104503038842098803
50412602102959028131
53156282568431575885
17205469331179550313
35996786480173751139
51590704687457681150
27288705940643013569
20406400073167190906
09542351530887258062
63387518016844285591
99845010837114536155
00865943742914865232
57717157796267450506
34185061555588009491
41361671071838625680
66342405174212070032
98173025772227596858
00948653861126050877
97946390034429106478
54616442897129465702
66753115693889603312
60589132849761289651
28265669300382364160
26489745672977041539
03001525864536898856
90908060520353108243
56162227450609945400
86927687374823945958
14345929010878461152
53757370970712457190
57582453165964369131
57444155158141456282
60043165081353542392
50958210837685622342
70840357153584904895
20470823897421269583
68890938376531628379
14441596133245646780
06307584188983206627
64063988678584088400
62474377706654124406
49180145712629853225
37073345432438986229
36245574514875632137
15341640666475241020
44489357087986962020
93356713850438377506
07472619794426628493
63756272183058091880
93345948288958701795
90963689178047464490
18124583317241689652
21381453025271955093
49140680421355280662
